%YAML:1.0
Camera Count: 2
Point Count: 707
Rotations:
   - !!opencv-matrix
      rows: 3
      cols: 3
      dt: d
      data: [ 1., 0., 0., 0., 1., 0., 0., 0., 1. ]
   - !!opencv-matrix
      rows: 3
      cols: 3
      dt: d
      data: [ 7.1604303548232706e-01, 9.4446992393170420e-02,
          -6.9163728714199602e-01, -1.1877975957640438e-01,
          9.9284058906921380e-01, 1.2606879537295479e-02,
          6.8787625344405234e-01, 7.3125442388957934e-02,
          7.2213498019635658e-01 ]
Motions:
   - !!opencv-matrix
      rows: 3
      cols: 1
      dt: d
      data: [ 0., 0., 0. ]
   - !!opencv-matrix
      rows: 3
      cols: 1
      dt: d
      data: [ 8.2596655262538132e-01, -5.7835286054562798e-02,
          5.6074444592089356e-01 ]
Points:
   - [ -1.8212008476257324e-01, -4.1362985968589783e-01,
       1.2045265436172485e+00 ]
   - [ -2.6964744925498962e-01, -3.9590287208557129e-01,
       1.2171671390533447e+00 ]
   - [ -4.8757725954055786e-01, -4.0316030383110046e-01,
       1.2435083389282227e+00 ]
   - [ -2.6283067464828491e-01, -3.9139166474342346e-01,
       1.2173054218292236e+00 ]
   - [ -5.2519434690475464e-01, -3.9754065871238708e-01,
       1.2489504814147949e+00 ]
   - [ -5.1577246189117432e-01, -3.9713913202285767e-01,
       1.2481188774108887e+00 ]
   - [ -5.5988687276840210e-01, -3.9744904637336731e-01,
       1.2536001205444336e+00 ]
   - [ -4.5697942376136780e-01, -3.9331230521202087e-01,
       1.2410689592361450e+00 ]
   - [ -2.3770354688167572e-01, -3.7968066334724426e-01,
       1.2157911062240601e+00 ]
   - [ -6.4240729808807373e-01, -3.9053148031234741e-01,
       1.2635874748229980e+00 ]
   - [ -4.8490974307060242e-01, -3.7713566422462463e-01,
       1.2463879585266113e+00 ]
   - [ -4.9699690937995911e-01, -3.7613341212272644e-01,
       1.2488439083099365e+00 ]
   - [ -4.9699690937995911e-01, -3.7613341212272644e-01,
       1.2488439083099365e+00 ]
   - [ -5.5851817131042480e-01, -3.7606900930404663e-01,
       1.2562067508697510e+00 ]
   - [ -6.0955190658569336e-01, -3.7650519609451294e-01,
       1.2615242004394531e+00 ]
   - [ -6.2770658731460571e-01, -3.7353351712226868e-01,
       1.2641996145248413e+00 ]
   - [ -6.3802653551101685e-01, -3.7380778789520264e-01,
       1.2659556865692139e+00 ]
   - [ -1.6719087958335876e-01, -3.5656157135963440e-01,
       1.2101633548736572e+00 ]
   - [ -5.9211540222167969e-01, -3.6868795752525330e-01,
       1.2607161998748779e+00 ]
   - [ -6.3806211948394775e-01, -3.6796194314956665e-01,
       1.2660828828811646e+00 ]
   - [ -6.4077961444854736e-01, -3.6700540781021118e-01,
       1.2666053771972656e+00 ]
   - [ -1.8899513781070709e-01, -3.5152652859687805e-01,
       1.2131741046905518e+00 ]
   - [ -2.0546910166740417e-01, -3.4943431615829468e-01,
       1.2157800197601318e+00 ]
   - [ -5.2458459138870239e-01, -3.5042929649353027e-01,
       1.2555880546569824e+00 ]
   - [ -1.5877832472324371e-01, -3.3792415261268616e-01,
       1.2111564874649048e+00 ]
   - [ -5.9967589378356934e-01, -3.5167208313941956e-01,
       1.2636696100234985e+00 ]
   - [ -1.4882659912109375e-01, -3.3410307765007019e-01,
       1.2110453844070435e+00 ]
   - [ -1.7521487176418304e-01, -3.3300656080245972e-01,
       1.2144899368286133e+00 ]
   - [ -2.2021318972110748e-01, -3.3088925480842590e-01,
       1.2207113504409790e+00 ]
   - [ -2.2021318972110748e-01, -3.3088925480842590e-01,
       1.2207113504409790e+00 ]
   - [ -6.2507915496826172e-01, -3.2946202158927917e-01,
       1.2694660425186157e+00 ]
   - [ -5.5093365907669067e-01, -3.1641000509262085e-01,
       1.2633208036422729e+00 ]
   - [ -5.3445261716842651e-01, -3.1548464298248291e-01,
       1.2608820199966431e+00 ]
   - [ -1.2054197490215302e-01, -2.9895704984664917e-01,
       1.2114667892456055e+00 ]
   - [ -6.3104015588760376e-01, -3.1312075257301331e-01,
       1.2728797197341919e+00 ]
   - [ -9.4513021409511566e-02, -2.9265111684799194e-01,
       1.2090598344802856e+00 ]
   - [ -5.0954425334930420e-01, -2.9561603069305420e-01,
       1.2606370449066162e+00 ]
   - [ -5.0954425334930420e-01, -2.9561603069305420e-01,
       1.2606370449066162e+00 ]
   - [ -5.7329964637756348e-01, -2.9720112681388855e-01,
       1.2685141563415527e+00 ]
   - [ -5.5133271217346191e-01, -2.9614779353141785e-01,
       1.2656748294830322e+00 ]
   - [ -5.2155739068984985e-01, -2.9412671923637390e-01,
       1.2626792192459106e+00 ]
   - [ -1.6872884333133698e-01, -2.7266073226928711e-01,
       1.2224591970443726e+00 ]
   - [ -4.2799654603004456e-01, -2.7470737695693970e-01,
       1.2360080480575562e+00 ]
   - [ -5.6481373310089111e-01, -2.7942427992820740e-01,
       1.2696599960327148e+00 ]
   - [ -1.3418123126029968e-01, -2.4531412124633789e-01,
       1.2214758396148682e+00 ]
   - [ -6.1374115943908691e-01, -2.5260788202285767e-01,
       1.2790427207946777e+00 ]
   - [ -6.2153828144073486e-01, -2.5176313519477844e-01,
       1.2800965309143066e+00 ]
   - [ -2.8355559706687927e-01, -2.3766055703163147e-01,
       1.2245094776153564e+00 ]
   - [ -5.7334923744201660e-01, -2.4380470812320709e-01,
       1.2758052349090576e+00 ]
   - [ -4.6359714865684509e-01, -2.3764902353286743e-01,
       1.2492307424545288e+00 ]
   - [ -9.7549431025981903e-02, -2.2824203968048096e-01,
       1.2187166213989258e+00 ]
   - [ -1.5518712997436523e-01, -2.2625263035297394e-01,
       1.2270325422286987e+00 ]
   - [ -1.5321107208728790e-01, -2.2590377926826477e-01,
       1.2265540361404419e+00 ]
   - [ -6.3114739954471588e-02, -2.2031886875629425e-01,
       1.2155712842941284e+00 ]
   - [ -5.7576763629913330e-01, -2.2790700197219849e-01,
       1.2770565748214722e+00 ]
   - [ -1.1280479282140732e-01, -2.1776548027992249e-01,
       1.2224839925765991e+00 ]
   - [ -5.2941209077835083e-01, -2.1479511260986328e-01,
       1.2577987909317017e+00 ]
   - [ -6.1874294281005859e-01, -2.1069648861885071e-01,
       1.2840626239776611e+00 ]
   - [ -6.0222792625427246e-01, -2.0984141528606415e-01,
       1.2826212644577026e+00 ]
   - [ -6.3193178176879883e-01, -2.0712429285049438e-01,
       1.2865033149719238e+00 ]
   - [ -1.1570540815591812e-01, -1.9244807958602905e-01,
       1.2253239154815674e+00 ]
   - [ -5.9394270181655884e-01, -2.0108596980571747e-01,
       1.2837716341018677e+00 ]
   - [ -1.0657054930925369e-01, -1.9172659516334534e-01,
       1.2255132198333740e+00 ]
   - [ -5.9801316261291504e-01, -2.0021043717861176e-01,
       1.2846343517303467e+00 ]
   - [ -5.9121716022491455e-01, -1.9973807036876678e-01,
       1.2834904193878174e+00 ]
   - [ -5.8775365352630615e-01, -1.9917875528335571e-01,
       1.2827094793319702e+00 ]
   - [ -6.1612445116043091e-01, -1.9937157630920410e-01,
       1.2857335805892944e+00 ]
   - [ -6.4992564916610718e-01, -1.9921943545341492e-01,
       1.2901682853698730e+00 ]
   - [ -6.1634105443954468e-01, -1.9574366509914398e-01,
       1.2860847711563110e+00 ]
   - [ -6.1290764808654785e-01, -1.9116181135177612e-01,
       1.2870075702667236e+00 ]
   - [ -5.4948127269744873e-01, -1.8194167315959930e-01,
       1.2518236637115479e+00 ]
   - [ -5.5304342508316040e-01, -1.7999249696731567e-01,
       1.2529377937316895e+00 ]
   - [ -5.1638650894165039e-01, -1.7854972183704376e-01,
       1.2480791807174683e+00 ]
   - [ -4.8287522792816162e-01, -1.7626871168613434e-01,
       1.2443073987960815e+00 ]
   - [ -6.1157888174057007e-01, -1.7903415858745575e-01,
       1.2881004810333252e+00 ]
   - [ -6.6013318300247192e-01, -1.7900888621807098e-01,
       1.2937535047531128e+00 ]
   - [ -4.4593927264213562e-01, -1.6454492509365082e-01,
       1.2412875890731812e+00 ]
   - [ -2.3919278383255005e-01, -1.6009365022182465e-01,
       1.2133939266204834e+00 ]
   - [ -5.1444727182388306e-01, -1.6151632368564606e-01,
       1.2500326633453369e+00 ]
   - [ -6.2291848659515381e-01, -1.6599601507186890e-01,
       1.2908999919891357e+00 ]
   - [ -1.4610309898853302e-01, -1.5489377081394196e-01,
       1.2357589006423950e+00 ]
